10 Std features derived from Wavelet 5/3 on Images D04, D06, D15(xx D54,D68,D77)
 10  48  3
(10F7.1,I3)
   45.8   66.7   59.8   97.4   57.8   54.9   57.8   29.0   28.8   18.1  1
   43.8   66.4   61.1   88.2   57.6   52.0   55.3   29.6   28.5   18.7  1
   37.9   58.4   59.1   83.5   57.5   55.0   57.8   30.8   29.9   21.2  1
   34.5   53.5   52.5   84.4   54.2   50.7   61.0   34.7   32.3   27.2  1
   44.8   66.3   67.9   84.5   57.4   54.0   53.9   28.2   27.9   17.4  1
   40.8   64.2   57.5   90.3   53.9   52.1   57.6   27.2   28.6   18.9  1
   39.1   59.6   54.9   79.0   54.1   50.2   57.0   29.9   28.7   20.8  1
   33.6   58.8   50.9   83.4   51.0   48.7   56.3   31.6   30.2   23.7  1
   36.9   63.8   56.6   89.9   53.2   51.5   52.9   27.5   27.6   17.5  1
   38.9   55.6   55.2   79.4   52.7   51.9   55.9   28.1   28.0   18.4  1
   33.2   54.8   55.8   86.4   53.9   51.1   55.2   30.5   29.5   20.4  1
   34.8   48.8   52.4   78.5   48.5   49.3   55.8   30.0   29.2   23.1  1
   41.8   66.3   56.6   87.2   57.8   53.5   54.9   29.0   29.4   19.1  1
   36.7   62.3   52.9   82.4   51.1   52.8   56.4   28.0   28.5   19.2  1
   33.2   57.0   52.3   78.7   51.5   48.4   55.4   29.5   29.9   21.1  1
   32.7   51.7   47.2   79.5   44.2   46.8   52.2   29.3   29.3   22.4  1
   17.4   44.1   32.7   57.0   56.0   25.4   30.6   30.0   19.1    9.1  2
   19.4   46.0   35.6   58.0   57.4   24.6   28.0   31.3   18.1    9.2  2
   23.3   55.5   40.2   65.9   63.1   28.2   30.1   33.8   19.6    9.4  2
   20.6   48.3   39.3   60.7   64.6   29.5   32.1   32.8   22.0    9.5  2
   20.5   42.8   37.2   55.8   54.7   29.9   33.0   30.5   21.2   10.0  2
   21.2   46.1   38.0   60.1   55.0   27.6   30.3   31.3   20.4    9.4  2
   20.6   50.6   40.6   67.1   62.9   28.0   31.0   32.6   20.0    9.9  2
   23.8   55.7   40.4   66.2   66.1   27.8   31.3   33.2   19.8    9.9  2
   21.3   39.5   40.7   50.1   54.6   33.4   32.2   30.7   23.5   10.4  2
   22.8   46.6   38.2   59.4   55.9   30.6   29.8   29.8   21.6    9.7  2
   21.4   49.3   37.7   62.1   56.6   27.6   29.5   32.5   20.4    9.6  2
   20.9   51.0   39.0   64.5   61.5   27.8   30.0   32.7   19.8   10.0  2
   23.1   43.8   44.1   55.2   57.4   36.0   33.3   32.3   26.2   10.9  2
   21.1   42.8   41.3   57.9   57.7   33.2   30.6   31.3   23.3    9.9  2
   21.4   49.6   40.0   62.3   56.2   29.8   29.1   34.0   22.8   10.0  2
   23.7   49.4   40.6   59.1   62.5   29.8   30.6   34.5   22.3   10.5  2
   51.0  113.0   40.0   77.3   83.0   29.3   43.9   37.2   14.8   12.9  3
   61.4  116.7   34.4   91.8   94.5   26.5   45.6   40.0   14.4   13.9  3
   55.3   94.9   42.5   78.9   88.2   33.4   46.6   41.1   17.3   14.8  3
   54.4   86.2   36.6   78.5   83.5   33.3   44.8   44.4   16.8   15.0  3
   59.3  105.5   41.1   98.9   85.7   30.9   46.4   37.4   15.4   15.1  3
   52.3  110.6   33.5   81.0   90.4   27.7   44.2   43.1   15.9   14.8  3
   48.4   87.3   38.5   81.8   88.2   32.4   49.5   46.4   21.1   17.5  3
   54.6  109.1   32.1   59.9   90.8   28.1   37.0   48.7   17.0   14.6  3
   64.4  107.4   45.6  120.9   80.1   32.7   63.8   36.4   17.3   19.8  3
   51.1  102.4   30.5   72.4   88.2   24.9   43.8   40.8   14.9   16.0  3
   48.2   83.1   37.2   68.5   77.1   31.0   42.3   42.2   17.4   16.4  3
   44.7   87.8   28.6   50.3   96.8   25.5   32.7   51.7   16.1   14.0  3
   64.1  101.2   38.2  124.2   73.4   31.0   62.5   33.4   16.4   18.1  3
   53.3  104.2   35.1   92.8   77.9   25.9   48.3   39.1   13.9   17.1  3
   47.4   93.8   26.3   56.1   91.5   23.6   34.5   49.1   14.4   14.7  3
   46.9   85.0   28.7   54.3   92.7   23.6   36.3   48.4   13.6   14.3  3