 19 best genes to separate  N1 and  N0 from colon2000.txt with h0.5
 19  62  2
(62F10.5)
  2314.949	   987.799	  2030.877	  3886.992	  4322.879	  3552.984	  1872.491	   183.621	   412.073	  3034.688	  2417.877	   163.609	  2689.205	  1765.185	  5832.317	  1931.142	  4642.063	   754.190	  3134.939	   221.184	  1817.940	  2699.192	   552.659	   137.971	   584.732	   228.286	   404.319	   416.171	   632.746	   636.024	   185.322	   230.691	   188.366	   182.001	   332.361	   103.426	   339.771	   329.869	   448.474	   413.325	   471.479	   812.821	   287.174	   779.639	   505.990	   219.720	   250.281	   228.029	   500.425	   335.690	   846.975	  2517.471	   867.550	   686.536	  1627.270	  1082.381	   660.128	  2787.042	   657.410	   175.229	   966.085	   272.929	
  1644.426	   973.169	   325.045	   541.532	   774.279	  2221.751	  1236.299	   277.544	    89.840	   296.631	  1224.733	    69.132	  1214.464	   480.356	  2008.514	   992.031	  2202.904	    55.178	  1343.421	   148.659	   887.695	   953.954	   309.494	   333.625	   124.020	   126.430	   183.706	    61.530	   244.738	   282.378	    49.021	    51.826	    81.271	    16.042	   102.759	    85.426	   137.654	   178.574	   413.355	   216.261	   664.963	   111.439	    43.592	   170.104	   181.665	    30.198	   401.690	    51.146	   165.185	   182.519	   228.120	  1494.588	   103.128	    99.580	   590.414	    21.080	    76.661	   697.328	   374.200	    88.566	    83.514	    58.478	
  1648.460	   576.640	  1453.344	  1849.617	  2510.985	  2679.890	  1422.483	   608.627	   373.100	  1605.617	  1513.119	   212.962	  1723.448	  1263.404	  1094.673	   558.246	  2570.960	   211.981	  2307.575	   105.085	   697.112	  1240.585	   475.279	   209.219	   464.310	   214.583	   503.652	   334.965	   528.864	   633.223	   194.148	   179.119	   271.711	   118.083	   343.977	   149.652	   348.529	   289.831	   473.998	   597.594	   739.273	   663.108	   436.238	   472.146	   364.579	   287.398	   362.340	   282.715	   226.800	   196.512	   541.352	  1811.188	   453.289	   656.873	  1002.083	   527.058	   392.525	  1746.381	   442.294	   134.119	   376.508	   191.339	
  1342.968	   660.610	   387.242	   598.497	   906.429	  1747.855	  1231.106	   418.399	   620.471	   760.445	  1270.969	   229.045	   437.011	   543.286	  2161.897	   481.009	  1777.966	   360.720	   580.727	   153.230	   476.195	   596.045	   624.426	   338.460	   147.906	   149.523	   170.114	   365.394	   304.489	   449.804	   193.850	   228.630	   489.834	    79.300	   287.230	   102.507	   144.409	   254.694	   286.003	   241.356	   261.011	   175.815	   147.200	   241.739	   214.057	    60.513	   280.291	    92.317	   201.148	    93.077	   302.895	  1051.744	   443.055	   170.089	   625.898	   356.830	   216.845	   371.536	   248.541	   114.880	   238.762	   103.104	
  1779.988	   723.401	  1386.823	  1781.318	  2514.768	  3321.149	  1491.046	   314.353	   258.267	  1560.547	  1392.770	   140.630	  1109.593	   449.395	  1550.911	   328.367	  1063.715	    85.094	   935.204	    42.129	   373.771	   549.095	   389.765	   164.732	   361.312	   154.055	   380.598	   333.179	   494.247	   543.470	   111.710	   125.090	   185.098	    93.284	   187.595	   105.716	   236.521	   215.501	   281.860	   393.584	   566.896	   306.003	   264.904	   167.891	   287.451	   110.497	   180.729	   220.481	    39.381	    84.994	   275.652	   749.407	   288.400	   182.135	   322.629	   339.100	   183.958	   733.769	   107.524	    42.740	   147.190	    52.955	
  1712.210	   597.739	  1472.248	  1731.360	  2551.829	  2593.289	  1483.983	   548.631	   378.265	  1508.181	  1773.087	   209.467	  1881.325	  1294.052	  1334.217	   644.662	  2608.373	   194.856	  2310.261	    99.579	   659.081	  1155.606	   471.167	   196.436	   434.200	   199.052	   519.254	   353.281	   575.875	   660.150	   199.369	   155.811	   246.440	   132.819	   327.181	   149.421	   343.586	   314.119	   448.085	   582.279	   765.677	   562.306	   443.067	   683.194	   378.092	   314.860	   352.781	   306.060	   325.658	   181.344	   735.915	  1779.677	   605.985	   586.173	  1117.890	   635.742	   393.273	  1888.565	   480.740	   127.385	   443.161	   220.748	
    53.147	    27.580	    56.028	    45.746	    63.853	    68.181	    32.112	    61.599	    11.856	    41.881	    73.730	     9.769	    78.095	   121.202	    38.146	    45.339	    66.940	    44.321	    80.684	    48.452	    59.612	    82.048	    87.710	    20.735	   129.958	    79.391	   161.764	   326.668	   152.880	   153.996	    61.740	   136.367	    89.760	    80.119	   143.997	    71.582	    66.211	   220.044	   159.586	   115.217	    93.699	   107.411	   112.941	   127.949	    90.832	   152.015	   109.721	   192.033	   182.197	    50.678	   160.856	    89.425	   337.645	   273.527	    57.803	   375.807	   139.572	    75.669	    63.612	    47.650	   142.753	    63.321	
   761.378	   321.620	   196.595	   388.407	   445.744	   477.913	   319.444	   208.614	   632.944	   351.350	   444.500	   210.223	   471.223	   686.633	   828.645	   713.696	   294.605	   246.655	   357.827	   231.798	   919.773	   337.373	   282.279	   217.133	   104.642	   195.650	   161.104	   526.650	   260.174	   199.573	   180.898	   111.217	   325.470	    75.368	   193.571	   150.993	   150.684	   246.924	   340.164	   383.355	   274.546	   149.712	   150.568	   237.792	   156.995	    87.564	   246.995	    79.712	   236.267	    96.270	   392.742	   615.354	   422.790	   217.024	   334.124	   305.238	   190.500	   341.264	   147.258	   143.870	   224.113	   198.931	
    78.209	    36.278	    77.246	    54.232	    51.189	    82.827	    23.429	    35.995	    45.467	    57.800	   106.566	    13.036	    24.496	    64.026	   124.660	    83.914	    35.364	   117.971	    13.663	    35.812	    47.590	    51.909	   137.390	    95.155	    82.854	    99.305	   186.984	   540.015	    80.914	   116.103	    51.814	   115.379	   246.734	    16.175	   186.342	   110.060	   101.562	   241.178	   340.419	   306.047	   322.534	   277.703	   146.661	   167.674	   124.007	    71.130	   199.211	    84.482	   108.604	    56.353	   273.741	   133.671	   334.389	   193.059	    32.325	   146.051	   114.960	    32.841	    24.730	   117.111	   101.999	    74.107	
    79.775	    26.754	    38.749	    21.046	    62.566	    87.955	    37.641	     9.784	    31.628	    53.200	    64.173	    13.334	    84.144	    83.338	   201.516	   154.792	   186.916	   105.881	    88.165	   163.592	    67.738	   125.914	    68.841	    41.920	   165.446	    99.957	   518.665	   339.309	   121.035	   102.171	   124.393	   180.905	    92.338	    92.736	   161.686	   142.982	   115.749	   306.464	   369.565	   176.869	   337.849	   287.055	   126.994	   267.712	   115.749	   259.962	   163.914	   347.983	   255.598	    93.082	   219.839	    98.794	   416.092	   332.096	    52.744	   461.886	   131.533	   113.666	    89.640	    72.815	   190.519	   131.875	
   300.875	   230.004	   142.364	   198.056	   309.967	   384.055	   328.525	   334.960	   176.706	   143.796	   249.534	    38.790	   251.440	   157.577	   500.860	   134.610	   395.364	  1004.591	   370.345	   765.476	   246.887	   356.246	   459.432	   177.372	   526.685	   421.443	  1567.901	  1979.230	   303.261	  1167.262	   586.914	   381.291	   529.893	    64.020	  1194.828	   597.214	   315.734	   989.319	   551.754	   949.812	  1683.055	   487.065	   901.680	   814.709	   369.886	   781.451	   463.626	  1432.884	  1038.325	   366.404	  2036.436	   428.840	  1548.723	  1843.471	   174.398	  1271.615	  1038.026	   414.134	   267.587	   404.705	   906.057	   583.602	
  4421.815	  1325.392	   452.806	  1253.544	  1770.675	  3307.498	  1399.627	   295.068	   127.281	   537.885	  1850.444	   107.573	  3413.271	  1640.261	  4695.221	  2643.451	  3827.735	   251.572	  4065.361	   875.205	  2395.779	  1875.549	   560.584	   442.392	   340.535	   143.924	   418.680	   167.861	   491.158	   420.630	    36.389	    65.820	   104.941	    91.481	   160.266	   628.189	   433.690	   409.652	   474.397	   247.991	  1185.032	   229.525	    58.980	   801.950	   356.513	   134.855	   285.663	    78.574	   705.996	   816.195	   672.516	  2896.347	   584.357	  1323.552	  2140.921	   735.085	   607.800	  2064.397	  1483.532	   690.195	   629.794	   239.723	
   505.068	   558.359	   434.575	   696.594	   923.523	  1325.926	   554.474	   678.456	   370.717	   528.859	   529.203	   161.720	   434.851	   734.773	  1840.711	  1047.534	  1548.233	  1882.691	   973.871	  1018.545	   615.968	  1385.901	   519.079	   409.104	  1037.637	  1371.382	  3490.590	  4029.865	  1009.070	  1428.302	  1127.584	  1589.510	  1777.431	  1948.494	  2363.988	   781.214	   655.775	  2426.186	  1928.909	  1951.509	  2201.087	  1161.464	  1870.570	  2680.788	   751.294	  2983.285	  1116.507	  2983.798	  1639.676	   584.539	  4199.816	  1300.729	  4052.489	  4033.606	   366.807	  3597.641	  1548.026	   936.667	  1326.175	   770.104	  1833.471	  2124.475	
   442.426	   204.949	   203.122	   278.695	   299.500	   435.978	   264.763	   433.108	   180.935	   243.357	   242.680	    96.875	   253.426	   577.256	   933.260	   376.783	   599.976	   619.378	   520.912	   912.520	   356.862	   437.125	   661.331	    59.206	  1146.777	   687.791	  2032.776	  2464.738	   680.166	   782.871	   536.494	   954.411	  1015.057	   889.339	  1097.019	   567.586	   284.384	  1630.568	   674.096	  1110.390	   540.657	   572.403	   950.726	  1752.823	   716.314	  1925.448	   855.966	  1519.546	  1005.505	   451.660	  3323.549	   845.224	  3262.495	  3765.399	   301.230	  1380.681	   524.193	   510.735	   361.340	   504.620	  2363.188	   979.523	
  1933.586	   438.516	  1815.515	  1074.213	  2492.097	  1724.636	  2097.748	  2605.192	  2336.164	  2541.843	  1500.979	   923.944	  2052.913	  2109.360	  2934.914	  2485.647	  1750.024	   855.775	  2953.991	   966.508	  1744.863	  2287.512	   976.266	   415.311	   817.341	   737.708	   778.605	   873.449	  1214.456	  1924.894	   571.950	   474.035	   606.591	   672.459	   729.874	   287.570	   651.025	   865.766	   995.198	  1075.922	  1533.312	   762.148	   687.626	   938.141	   596.253	  1004.096	   571.422	   716.155	   970.674	   479.551	  1657.723	  2585.451	  1852.549	  1264.382	  1667.331	  3246.385	  1284.750	  2716.544	  1491.549	   536.552	  2181.830	   702.750	
   567.932	   371.008	   148.391	   132.456	   130.685	  1088.256	   157.026	    75.798	   138.561	   145.676	   226.566	    49.778	   147.344	   267.509	   843.157	   374.124	   371.016	   648.650	   184.000	   429.480	   357.180	   477.263	   509.931	   233.416	   260.438	   609.710	  1045.981	  1744.465	   481.275	   241.553	   525.024	   378.494	   741.696	   297.788	   610.074	   671.711	   870.630	  1364.688	  1729.889	  2497.866	   948.407	   622.756	  1046.859	  1199.338	   532.794	   705.189	   310.310	   702.385	  1444.789	   420.286	  2374.157	   665.497	  1723.243	   709.866	   331.095	  1800.206	   734.229	   311.916	   269.435	   312.976	  1043.132	   997.188	
   220.889	   172.355	   181.939	   221.726	   264.204	   453.906	   184.709	   300.084	    59.068	   222.781	   204.137	    83.676	   191.178	   291.884	   169.396	   201.966	   166.665	   160.837	   233.439	   112.869	   117.467	   365.051	   177.798	   131.864	   165.148	   188.009	   973.894	   988.941	   219.798	   458.830	   210.773	   260.533	   579.820	   411.589	   449.288	   163.105	   157.690	   463.806	   396.815	   826.509	  1100.726	   334.904	   560.186	   688.115	   529.419	   463.448	   182.429	   632.969	   287.679	   288.360	   733.829	   401.642	   853.680	   742.826	    99.476	   832.206	   289.642	   220.107	   128.785	   106.717	   807.661	   255.150	
  1288.305	   901.290	  1022.654	   884.362	  1562.019	  2225.324	  1616.481	  2218.704	   907.536	  1716.887	  1205.307	   406.985	  1203.135	  1406.203	  2572.103	   933.128	  2117.337	  2072.789	  1994.060	  1360.964	   844.926	  1613.491	  1926.396	   535.726	  2451.591	  1501.821	  4384.520	  4247.442	  2102.438	  2794.049	  2971.911	  2511.710	  1852.000	  2533.353	  4142.171	  1091.471	  1259.392	  3385.688	  2072.046	  2982.972	  2623.600	  1553.868	  2786.044	  2652.538	  1084.744	  2960.752	  1516.311	  3913.613	  3106.791	  1289.005	  4697.839	  2285.455	  5745.845	  5114.181	   860.698	  6315.546	  2967.485	  1450.881	  1314.360	  1390.490	  3111.084	  1463.069	
   755.996	   416.489	   143.284	    43.846	   628.383	   968.869	    77.136	    62.270	   590.804	   142.852	   352.401	    42.834	    67.970	   146.893	   125.978	    84.158	   285.068	   316.883	    57.515	    22.870	   342.101	    26.700	   662.065	    59.576	   340.589	  1310.699	  1474.045	  3178.749	   665.430	   812.938	   617.515	   744.054	   981.883	    23.424	  1346.762	   692.644	  1779.677	   954.161	   892.525	  3832.073	  1042.257	   963.334	  1634.454	   436.573	   818.244	   798.018	  1126.569	   630.503	   394.389	   179.461	  1570.818	   200.330	  1932.761	  2020.257	  1072.069	  1143.325	   257.269	    47.388	    18.314	   280.267	   183.284	    89.186	
